30985
839
26884
3262

4 8 9 11 15 19 20 23 30 32 35 36 38 41 43 44 45 46 47 48 49 51 56 63 64 65 66 67 70 71 75 82 83 88 90 91 100 103 107 108 110 114 120 122 123 124 125 126 128 131 135 136 140 143 145 155 160 161 164 168 174 175 179 181 186 188 189 192 193 197 198 199 

11
156 112 89 147 6 183 94 95 97 117 
27 146 167 69 132 176 1 101 162 31 190 127 52 
53 105 26 149 195 109 12 138 154 28 
58 152 40 180 21 73 72 74 171 22 133 
111 50 102 157 33 81 185 79 129 169 78 34 
13 137 2 178 115 57 144 87 172 42 142 14 119 
166 18 153 106 194 7 182 148 62 159 10 
76 196 116 77 3 158 68 80 150 177 54 
96 99 104 59 92 151 37 98 85 93 61 16 
184 121 29 24 163 134 130 165 55 25 170 39 187 139 
60 118 5 84 173 17 113 86 141 191 
