22619
489
17108
5022

3 4 5 8 9 11 15 16 17 19 20 23 24 25 29 30 32 35 36 37 38 39 41 43 44 45 46 47 48 49 51 54 55 56 59 60 61 63 64 65 66 67 68 70 71 75 76 77 80 82 83 84 85 86 88 90 91 92 93 96 98 99 100 103 104 107 108 110 113 114 116 118 120 121 122 123 124 125 126 128 130 131 134 135 136 139 140 141 143 145 150 151 155 158 160 161 163 164 165 168 170 173 174 175 177 179 181 184 186 187 188 189 191 192 193 196 197 198 199 

7
156 112 89 147 6 183 94 95 97 117 
27 146 167 69 132 176 1 101 162 31 190 127 52 
53 105 26 149 195 109 12 138 154 28 
58 152 40 180 21 73 72 74 171 22 133 
111 50 102 157 33 81 185 79 129 169 78 34 
13 137 2 178 115 57 144 87 172 42 142 14 119 
166 18 153 106 194 7 182 148 62 159 10 
