22495
907
19552
2036

19 23 30 32 44 45 47 48 49 64 65 66 67 71 75 103 107 108 114 123 125 128 131 135 161 164 174 181 188 193 197 198 54 81 118 5 17 113 86 141 191 152 180 72 133 22 171 14 50 76 132 61 53 196 111 178 166 13 147 93 59 183 112 156 79 139 194 138 134 40 1 16 110 68 149 

8
127 190 88 7 82 124 168 175 143 36 46 8 199 83 60 84 173 94 
154 12 195 179 155 4 130 177 80 116 184 
77 3 158 129 169 78 34 35 136 120 9 51 122 90 63 126 11 52 
26 21 74 41 145 115 2 57 15 43 142 42 172 144 87 97 117 95 6 
89 18 153 106 182 148 62 159 189 10 69 27 
146 167 31 162 101 70 160 20 33 185 157 102 176 
58 137 151 92 37 98 100 192 119 38 140 91 85 99 104 96 
28 109 150 121 29 24 163 165 55 25 170 187 39 186 56 73 105 
