16656
694
12220
3742

4 5 9 16 17 19 23 30 32 35 38 39 44 45 47 48 49 54 59 61 64 65 66 67 68 71 75 76 77 82 85 86 88 93 96 98 103 107 108 113 114 116 118 120 123 124 125 128 130 131 134 135 139 143 145 151 155 158 160 161 163 164 168 170 174 175 177 179 181 184 187 188 189 191 192 193 196 197 198 81 53 26 21 149 195 109 12 138 154 22 1 14 111 132 178 50 194 159 13 183 94 95 100 141 147 89 166 62 33 171 110 40 

5
69 101 162 190 31 10 63 126 11 36 46 8 199 84 173 91 104 99 92 97 
105 180 165 55 25 186 56 72 73 74 133 41 115 146 167 27 
28 80 150 24 29 121 169 34 78 129 79 3 185 157 102 176 
152 58 137 2 57 15 43 140 119 142 42 172 144 87 37 117 156 
112 6 60 83 18 153 106 7 182 148 90 20 136 51 122 70 127 52 
