8652
632
4075
3945

4 5 9 16 17 19 20 23 30 32 35 37 38 39 44 45 47 48 49 51 54 59 61 63 64 65 66 67 68 70 71 75 76 77 82 85 86 88 93 96 98 100 103 107 108 110 113 114 116 118 120 122 123 124 125 128 130 131 134 135 139 141 143 145 151 155 158 160 161 163 164 165 168 170 174 177 179 181 184 187 188 189 191 193 196 197 198 81 53 105 26 21 149 195 109 12 138 154 111 50 40 166 14 178 13 27 167 190 147 183 94 97 142 1 22 

5
28 176 101 162 31 159 11 175 36 46 8 199 83 84 173 60 52 146 
180 55 25 186 56 72 73 171 74 133 41 115 58 152 
132 69 102 157 33 185 3 79 129 78 136 34 169 121 29 24 80 150 
137 2 57 144 87 172 42 15 43 140 119 192 91 104 99 92 117 95 6 112 
156 89 18 153 106 194 7 182 148 62 126 90 10 127 
