9837
588
4890
4359

4 5 9 11 15 16 17 19 20 23 24 25 30 32 35 36 37 38 39 44 45 47 48 49 51 54 59 60 61 63 64 65 66 67 68 70 71 75 76 77 80 82 83 84 85 86 88 91 93 96 98 100 103 107 108 110 113 114 116 118 120 122 123 124 125 126 128 130 131 134 135 136 139 141 143 145 151 155 158 160 161 163 164 165 168 170 173 174 175 177 179 181 184 186 187 188 189 191 192 193 196 197 198 81 53 105 26 21 149 195 109 12 138 154 28 

6
89 147 6 183 94 104 99 92 95 97 117 112 156 
27 167 69 132 176 1 101 162 31 190 127 46 8 199 146 
58 152 180 55 56 41 22 133 74 171 72 73 40 
111 50 102 157 33 185 3 79 129 78 34 169 29 121 150 
137 2 178 115 57 144 172 42 142 43 14 140 119 87 13 
166 18 153 106 194 7 182 148 62 159 90 10 52 
