25720
870
21996
2854

4 9 11 15 19 20 23 30 32 35 36 38 44 45 47 48 49 63 64 65 66 67 70 71 75 82 83 88 103 107 108 110 114 122 123 124 125 126 128 131 135 136 143 145 160 161 164 168 174 175 181 188 189 192 193 197 198 54 81 118 5 173 17 113 86 141 191 58 152 180 21 72 74 133 22 171 73 40 

9
89 147 6 183 94 95 151 97 117 112 156 
27 167 69 132 176 1 101 162 31 190 127 46 8 199 146 
53 105 26 149 41 179 195 109 12 138 154 28 
111 50 102 157 33 185 79 129 169 78 34 120 51 
137 2 178 115 57 144 172 42 142 43 14 140 119 87 13 
166 18 153 106 194 7 182 148 62 159 90 10 52 
76 196 116 77 3 158 68 80 150 177 155 186 
59 92 37 100 98 93 85 91 16 61 84 60 104 99 96 
184 121 29 24 163 134 130 165 55 25 170 39 187 139 56 
